   0.0000000e+00
   1.7070244e-06
   3.4140488e-06
   5.1210733e-06
   6.8280977e-06
   1.5363220e-05
   2.3898342e-05
   3.2433464e-05
   4.0968586e-05
   8.3644196e-05
   1.2631981e-04
   1.6899542e-04
   2.1167103e-04
   4.2504908e-04
   6.3842713e-04
   8.5180518e-04
   1.0651832e-03
   2.1320735e-03
   3.1989638e-03
   4.2658540e-03
   5.3327443e-03
   1.0667196e-02
   1.6001647e-02
   2.1336098e-02
   2.6670550e-02
   4.6831051e-02
   6.6991552e-02
   8.7152054e-02
   1.0731255e-01
   1.3469254e-01
   1.6207253e-01
   1.8945252e-01
   2.1683251e-01
   2.4520329e-01
   2.7357406e-01
   3.0194484e-01
   3.3031562e-01
   3.6312700e-01
   3.9593839e-01
   4.2874978e-01
   4.6156116e-01
   5.0142122e-01
   5.4128128e-01
   5.8114135e-01
   6.2100141e-01
   6.5774208e-01
   6.9448275e-01
   7.3122342e-01
   7.6796409e-01
   8.0470476e-01
   8.4144543e-01
   8.7818610e-01
   9.1492677e-01
   9.4403411e-01
   9.7314146e-01
   1.0022488e+00
   1.0313561e+00
   1.0462110e+00
   1.0610659e+00
   1.0759207e+00
   1.0907756e+00
   1.1056304e+00
   1.1204853e+00
   1.1353402e+00
   1.1501950e+00
   1.1634794e+00
   1.1767638e+00
   1.1900482e+00
   1.2033326e+00
   1.2316574e+00
   1.2599821e+00
   1.2883068e+00
   1.3166315e+00
   1.3497211e+00
   1.3828108e+00
   1.4159004e+00
   1.4489900e+00
   1.4810985e+00
   1.5132069e+00
   1.5453153e+00
   1.5774237e+00
   1.6135828e+00
   1.6497419e+00
   1.6859009e+00
   1.7220600e+00
   1.7382341e+00
   1.7544082e+00
   1.7705823e+00
   1.7867564e+00
   1.7971172e+00
   1.8074780e+00
   1.8178388e+00
   1.8281995e+00
   1.8352594e+00
   1.8423192e+00
   1.8493790e+00
   1.8564388e+00
   1.8634986e+00
   1.8705584e+00
   1.8776183e+00
   1.8846781e+00
   1.8924962e+00
   1.9003143e+00
   1.9081324e+00
   1.9159505e+00
   1.9326744e+00
   1.9493983e+00
   1.9661222e+00
   1.9828461e+00
   2.0038020e+00
   2.0247578e+00
   2.0457137e+00
   2.0666696e+00
   2.0908879e+00
   2.1151062e+00
   2.1393244e+00
   2.1635427e+00
   2.1878521e+00
   2.2121615e+00
   2.2364709e+00
   2.2607803e+00
   2.2843433e+00
   2.3079063e+00
   2.3314693e+00
   2.3550323e+00
   2.3610500e+00
   2.3670677e+00
   2.3730854e+00
   2.3791031e+00
   2.3851207e+00
   2.3911384e+00
   2.3971561e+00
   2.4031738e+00
   2.4086000e+00
   2.4140261e+00
   2.4194523e+00
   2.4248784e+00
   2.4303046e+00
   2.4357308e+00
   2.4411569e+00
   2.4465831e+00
   2.4515040e+00
   2.4564249e+00
   2.4613458e+00
   2.4662667e+00
   2.4783699e+00
   2.4904732e+00
   2.5025765e+00
   2.5146798e+00
   2.5290898e+00
   2.5434999e+00
   2.5579100e+00
   2.5723201e+00
   2.5891356e+00
   2.6059511e+00
   2.6227667e+00
   2.6395822e+00
   2.6524402e+00
   2.6652983e+00
   2.6781564e+00
   2.6910145e+00
   2.7038726e+00
   2.7167307e+00
   2.7295887e+00
   2.7424468e+00
   2.7580411e+00
   2.7736354e+00
   2.7892297e+00
   2.8048240e+00
   2.8204184e+00
   2.8360127e+00
   2.8516070e+00
   2.8672013e+00
   2.8707931e+00
   2.8743850e+00
   2.8779769e+00
   2.8815688e+00
   2.8851606e+00
   2.8887525e+00
   2.8923444e+00
   2.8959362e+00
   2.8997714e+00
   2.9036066e+00
   2.9074418e+00
   2.9112770e+00
   2.9151122e+00
   2.9189474e+00
   2.9227825e+00
   2.9266177e+00
   2.9350200e+00
   2.9434222e+00
   2.9518245e+00
   2.9602267e+00
   2.9710841e+00
   2.9819415e+00
   2.9927990e+00
   3.0036564e+00
   3.0157048e+00
   3.0277532e+00
   3.0398016e+00
   3.0518500e+00
   3.0654861e+00
   3.0791223e+00
   3.0927584e+00
   3.1063945e+00
   3.1197766e+00
   3.1331586e+00
   3.1465407e+00
   3.1599227e+00
   3.1735141e+00
   3.1871055e+00
   3.2006969e+00
   3.2142883e+00
   3.2180455e+00
   3.2218027e+00
   3.2255598e+00
   3.2293170e+00
   3.2330741e+00
   3.2368313e+00
   3.2405884e+00
   3.2443456e+00
   3.2481586e+00
   3.2519715e+00
   3.2557845e+00
   3.2595975e+00
   3.2676037e+00
   3.2756100e+00
   3.2836162e+00
   3.2916224e+00
   3.2996287e+00
   3.3076349e+00
   3.3156411e+00
   3.3236473e+00
   3.3346633e+00
   3.3456793e+00
   3.3566953e+00
   3.3677113e+00
   3.3797131e+00
   3.3917149e+00
   3.4037167e+00
   3.4157186e+00
   3.4259174e+00
   3.4361163e+00
   3.4463152e+00
   3.4565141e+00
   3.4665366e+00
   3.4765592e+00
   3.4865818e+00
   3.4966044e+00
   3.5010305e+00
   3.5054566e+00
   3.5098827e+00
   3.5143088e+00
   3.5187349e+00
   3.5231610e+00
   3.5275870e+00
   3.5320131e+00
   3.5354674e+00
   3.5389216e+00
   3.5423758e+00
   3.5458300e+00
   3.5492842e+00
   3.5527384e+00
   3.5561927e+00
   3.5596469e+00
   3.5642638e+00
   3.5688807e+00
   3.5734976e+00
   3.5781145e+00
   3.5863638e+00
   3.5946130e+00
   3.6028622e+00
   3.6111115e+00
   3.6201567e+00
   3.6292020e+00
   3.6382473e+00
   3.6472925e+00
   3.6575739e+00
   3.6678553e+00
   3.6781367e+00
   3.6884181e+00
   3.6973448e+00
   3.7062716e+00
   3.7151983e+00
   3.7241251e+00
   3.7339152e+00
   3.7437053e+00
   3.7534954e+00
   3.7632856e+00
   3.7720946e+00
   3.7809037e+00
   3.7897127e+00
   3.7985218e+00
   3.8032159e+00
   3.8079101e+00
   3.8126043e+00
   3.8172984e+00
   3.8219926e+00
   3.8266867e+00
   3.8313809e+00
   3.8360750e+00
   3.8391604e+00
   3.8422458e+00
   3.8453311e+00
   3.8484165e+00
   3.8515018e+00
   3.8545872e+00
   3.8576726e+00
   3.8607579e+00
   3.8654271e+00
   3.8700963e+00
   3.8747655e+00
   3.8794347e+00
   3.8871039e+00
   3.8947730e+00
   3.9024422e+00
   3.9101114e+00
   3.9183337e+00
   3.9265560e+00
   3.9347783e+00
   3.9430006e+00
   3.9522436e+00
   3.9614866e+00
   3.9707296e+00
   3.9799726e+00
   3.9877910e+00
   3.9956095e+00
   4.0034280e+00
   4.0112464e+00
   4.0194573e+00
   4.0276683e+00
   4.0358792e+00
   4.0440901e+00
   4.0486950e+00
   4.0532998e+00
   4.0579047e+00
   4.0625096e+00
   4.0671144e+00
   4.0717193e+00
   4.0763242e+00
   4.0809290e+00
   4.0861127e+00
   4.0912964e+00
   4.0964801e+00
   4.1016637e+00
   4.1058912e+00
   4.1101186e+00
   4.1143460e+00
   4.1185734e+00
   4.1256516e+00
   4.1327297e+00
   4.1398079e+00
   4.1468860e+00
   4.1544056e+00
   4.1619253e+00
   4.1694449e+00
   4.1769645e+00
   4.1853508e+00
   4.1937371e+00
   4.2021235e+00
   4.2105098e+00
   4.2184324e+00
   4.2263550e+00
   4.2342777e+00
   4.2422003e+00
   4.2521213e+00
   4.2620422e+00
   4.2719632e+00
   4.2818842e+00
   4.2881688e+00
   4.2944533e+00
   4.3007378e+00
   4.3070224e+00
   4.3102282e+00
   4.3134341e+00
   4.3166400e+00
   4.3198459e+00
   4.3224076e+00
   4.3249693e+00
   4.3275311e+00
   4.3300928e+00
   4.3326545e+00
   4.3352163e+00
   4.3377780e+00
   4.3403397e+00
   4.3431621e+00
   4.3459845e+00
   4.3488068e+00
   4.3516292e+00
   4.3574691e+00
   4.3633091e+00
   4.3691490e+00
   4.3749890e+00
   4.3821131e+00
   4.3892371e+00
   4.3963612e+00
   4.4034853e+00
   4.4111670e+00
   4.4188487e+00
   4.4265304e+00
   4.4342121e+00
   4.4419279e+00
   4.4496438e+00
   4.4573596e+00
   4.4650755e+00
   4.4739871e+00
   4.4828987e+00
   4.4918104e+00
   4.5007220e+00
   4.5047894e+00
   4.5088569e+00
   4.5129243e+00
   4.5169918e+00
   4.5210592e+00
   4.5251267e+00
   4.5291941e+00
   4.5332616e+00
   4.5376142e+00
   4.5419669e+00
   4.5463196e+00
   4.5506723e+00
   4.5545717e+00
   4.5584711e+00
   4.5623704e+00
   4.5662698e+00
   4.5719282e+00
   4.5775865e+00
   4.5832448e+00
   4.5889031e+00
   4.5952767e+00
   4.6016503e+00
   4.6080239e+00
   4.6143975e+00
   4.6214435e+00
   4.6284895e+00
   4.6355355e+00
   4.6425815e+00
   4.6495226e+00
   4.6564638e+00
   4.6634049e+00
   4.6703461e+00
   4.6770138e+00
   4.6836816e+00
   4.6903493e+00
   4.6970171e+00
   4.7013568e+00
   4.7056965e+00
   4.7100362e+00
   4.7143759e+00
   4.7177312e+00
   4.7210865e+00
   4.7244418e+00
   4.7277970e+00
   4.7302512e+00
   4.7327055e+00
   4.7351597e+00
   4.7376139e+00
   4.7400681e+00
   4.7425223e+00
   4.7449765e+00
   4.7474307e+00
   4.7505722e+00
   4.7537137e+00
   4.7568553e+00
   4.7599968e+00
   4.7656496e+00
   4.7713024e+00
   4.7769552e+00
   4.7826080e+00
   4.7887335e+00
   4.7948589e+00
   4.8009844e+00
   4.8071098e+00
   4.8140165e+00
   4.8209232e+00
   4.8278299e+00
   4.8347366e+00
   4.8409389e+00
   4.8471411e+00
   4.8533434e+00
   4.8595457e+00
   4.8663581e+00
   4.8731706e+00
   4.8799831e+00
   4.8867956e+00
   4.8905371e+00
   4.8942786e+00
   4.8980202e+00
   4.9017617e+00
   4.9055032e+00
   4.9092448e+00
   4.9129863e+00
   4.9167278e+00
   4.9192228e+00
   4.9217179e+00
   4.9242129e+00
   4.9267079e+00
   4.9292029e+00
   4.9316979e+00
   4.9341930e+00
   4.9366880e+00
   4.9387671e+00
   4.9408462e+00
   4.9429252e+00
   4.9450043e+00
   4.9498362e+00
   4.9546680e+00
   4.9594998e+00
   4.9643317e+00
   4.9704941e+00
   4.9766565e+00
   4.9828190e+00
   4.9889814e+00
   4.9956123e+00
   5.0022433e+00
   5.0088743e+00
   5.0155052e+00
   5.0223377e+00
   5.0291702e+00
   5.0360027e+00
   5.0428352e+00
   5.0483282e+00
   5.0538213e+00
   5.0593144e+00
   5.0648074e+00
   5.0710431e+00
   5.0772788e+00
   5.0835144e+00
   5.0897501e+00
   5.0961804e+00
   5.1026107e+00
   5.1090410e+00
   5.1154714e+00
   5.1172282e+00
   5.1189851e+00
   5.1207419e+00
   5.1224988e+00
   5.1242556e+00
   5.1260125e+00
   5.1277693e+00
   5.1295262e+00
   5.1309647e+00
   5.1324033e+00
   5.1338419e+00
   5.1352804e+00
   5.1367190e+00
   5.1381576e+00
   5.1395961e+00
   5.1410347e+00
   5.1438101e+00
   5.1465855e+00
   5.1493609e+00
   5.1521363e+00
   5.1570242e+00
   5.1619121e+00
   5.1668000e+00
   5.1716879e+00
   5.1774842e+00
   5.1832805e+00
   5.1890767e+00
   5.1948730e+00
   5.2012343e+00
   5.2075957e+00
   5.2139570e+00
   5.2203183e+00
   5.2263641e+00
   5.2324098e+00
   5.2384556e+00
   5.2445013e+00
   5.2503457e+00
   5.2561901e+00
   5.2620345e+00
   5.2678789e+00
   5.2735191e+00
   5.2791593e+00
   5.2847994e+00
   5.2904396e+00
   5.2940829e+00
   5.2977262e+00
   5.3013695e+00
   5.3050128e+00
   5.3086561e+00
   5.3122994e+00
   5.3159427e+00
   5.3195860e+00
   5.3226281e+00
   5.3256703e+00
   5.3287124e+00
   5.3317546e+00
   5.3350140e+00
   5.3382733e+00
   5.3415327e+00
   5.3447921e+00
   5.3493876e+00
   5.3539830e+00
   5.3585785e+00
   5.3631740e+00
   5.3685626e+00
   5.3739511e+00
   5.3793397e+00
   5.3847283e+00
   5.3905820e+00
   5.3964357e+00
   5.4022895e+00
   5.4081432e+00
   5.4136789e+00
   5.4192147e+00
   5.4247504e+00
   5.4302862e+00
   5.4357564e+00
   5.4412266e+00
   5.4466967e+00
   5.4521669e+00
   5.4565371e+00
   5.4609073e+00
   5.4652775e+00
   5.4696477e+00
   5.4720705e+00
   5.4744933e+00
   5.4769161e+00
   5.4793389e+00
   5.4817617e+00
   5.4841845e+00
   5.4866073e+00
   5.4890301e+00
   5.4909834e+00
   5.4929367e+00
   5.4948900e+00
   5.4968433e+00
   5.5006967e+00
   5.5045500e+00
   5.5084034e+00
   5.5122567e+00
   5.5170975e+00
   5.5219382e+00
   5.5267789e+00
   5.5316196e+00
   5.5369491e+00
   5.5422786e+00
   5.5476080e+00
   5.5529375e+00
   5.5591555e+00
   5.5653735e+00
   5.5715916e+00
   5.5778096e+00
   5.5840284e+00
   5.5902473e+00
   5.5964661e+00
   5.6026849e+00
   5.6057988e+00
   5.6089127e+00
   5.6120266e+00
   5.6151405e+00
   5.6182544e+00
   5.6213683e+00
   5.6244822e+00
   5.6275961e+00
   5.6296244e+00
   5.6316526e+00
   5.6336809e+00
   5.6357092e+00
   5.6377375e+00
   5.6397658e+00
   5.6417941e+00
   5.6438224e+00
   5.6461204e+00
   5.6484184e+00
   5.6507163e+00
   5.6530143e+00
   5.6574334e+00
   5.6618525e+00
   5.6662716e+00
   5.6706907e+00
   5.6755622e+00
   5.6804336e+00
   5.6853051e+00
   5.6901766e+00
   5.6955975e+00
   5.7010185e+00
   5.7064394e+00
   5.7118603e+00
   5.7170827e+00
   5.7223051e+00
   5.7275275e+00
   5.7327499e+00
   5.7378309e+00
   5.7429119e+00
   5.7479929e+00
   5.7530740e+00
   5.7566077e+00
   5.7601415e+00
   5.7636753e+00
   5.7672090e+00
   5.7698520e+00
   5.7724949e+00
   5.7751379e+00
   5.7777809e+00
   5.7795940e+00
   5.7814072e+00
   5.7832204e+00
   5.7850336e+00
   5.7868468e+00
   5.7886599e+00
   5.7904731e+00
   5.7922863e+00
   5.7948496e+00
   5.7974129e+00
   5.7999761e+00
   5.8025394e+00
   5.8069545e+00
   5.8113696e+00
   5.8157846e+00
   5.8201997e+00
   5.8250086e+00
   5.8298174e+00
   5.8346262e+00
   5.8394350e+00
   5.8448298e+00
   5.8502245e+00
   5.8556192e+00
   5.8610140e+00
   5.8658584e+00
   5.8707028e+00
   5.8755472e+00
   5.8803916e+00
   5.8856437e+00
   5.8908958e+00
   5.8961479e+00
   5.9014000e+00
   5.9038466e+00
   5.9062932e+00
   5.9087399e+00
   5.9111865e+00
   5.9136332e+00
   5.9160798e+00
   5.9185264e+00
   5.9209731e+00
   5.9229807e+00
   5.9249883e+00
   5.9269959e+00
   5.9290035e+00
   5.9310111e+00
   5.9330187e+00
   5.9350263e+00
   5.9370339e+00
   5.9387745e+00
   5.9405151e+00
   5.9422558e+00
   5.9439964e+00
   5.9466444e+00
   5.9492924e+00
   5.9519404e+00
   5.9545884e+00
   5.9589634e+00
   5.9633384e+00
   5.9677135e+00
   5.9720885e+00
   5.9768618e+00
   5.9816351e+00
   5.9864085e+00
   5.9911818e+00
   5.9965337e+00
   6.0018857e+00
   6.0072376e+00
   6.0125896e+00
   6.0171833e+00
   6.0217769e+00
   6.0263706e+00
   6.0309643e+00
   6.0378698e+00
   6.0447752e+00
   6.0516807e+00
   6.0585862e+00
   6.0648315e+00
   6.0710767e+00
   6.0773220e+00
   6.0835673e+00
   6.0849494e+00
   6.0863314e+00
   6.0877134e+00
   6.0890955e+00
   6.0904775e+00
   6.0918595e+00
   6.0932415e+00
   6.0946236e+00
   6.0970148e+00
   6.0994061e+00
   6.1017973e+00
   6.1041886e+00
   6.1070975e+00
   6.1100063e+00
   6.1129152e+00
   6.1158240e+00
   6.1206345e+00
   6.1254451e+00
   6.1302556e+00
   6.1350662e+00
   6.1399615e+00
   6.1448568e+00
   6.1497521e+00
   6.1546474e+00
   6.1588480e+00
   6.1630485e+00
   6.1672490e+00
   6.1714495e+00
   6.1756500e+00
   6.1798505e+00
   6.1840510e+00
   6.1882516e+00
   6.1944921e+00
   6.2007327e+00
   6.2069733e+00
   6.2132138e+00
   6.2182828e+00
   6.2233519e+00
   6.2284209e+00
   6.2334899e+00
   6.2348504e+00
   6.2362108e+00
   6.2375713e+00
   6.2389317e+00
   6.2402922e+00
   6.2416526e+00
   6.2430130e+00
   6.2443735e+00
   6.2461208e+00
   6.2478680e+00
   6.2496153e+00
   6.2513626e+00
   6.2531098e+00
   6.2548571e+00
   6.2566044e+00
   6.2583516e+00
   6.2599784e+00
   6.2616052e+00
   6.2632320e+00
   6.2648588e+00
   6.2685435e+00
   6.2722282e+00
   6.2759129e+00
   6.2795977e+00
   6.2842957e+00
   6.2889938e+00
   6.2936918e+00
   6.2983899e+00
   6.3033708e+00
   6.3083517e+00
   6.3133326e+00
   6.3183135e+00
   6.3233930e+00
   6.3284724e+00
   6.3335518e+00
   6.3386312e+00
   6.3429908e+00
   6.3473504e+00
   6.3517100e+00
   6.3560696e+00
   6.3605499e+00
   6.3650301e+00
   6.3695104e+00
   6.3739906e+00
   6.3789131e+00
   6.3838355e+00
   6.3887579e+00
   6.3936803e+00
   6.3955555e+00
   6.3974306e+00
   6.3993057e+00
   6.4011809e+00
   6.4030560e+00
   6.4049312e+00
   6.4068063e+00
   6.4086815e+00
   6.4102299e+00
   6.4117783e+00
   6.4133267e+00
   6.4148752e+00
   6.4184901e+00
   6.4221050e+00
   6.4257200e+00
   6.4293349e+00
   6.4337782e+00
   6.4382215e+00
   6.4426648e+00
   6.4471081e+00
   6.4519585e+00
   6.4568090e+00
   6.4616594e+00
   6.4665098e+00
   6.4715296e+00
   6.4765494e+00
   6.4815692e+00
   6.4865889e+00
   6.4913304e+00
   6.4960719e+00
   6.5008133e+00
   6.5055548e+00
   6.5100685e+00
   6.5145823e+00
   6.5190960e+00
   6.5236097e+00
   6.5255154e+00
   6.5274212e+00
   6.5293269e+00
   6.5312326e+00
   6.5331384e+00
   6.5350441e+00
   6.5369498e+00
   6.5388556e+00
   6.5405954e+00
   6.5423352e+00
   6.5440751e+00
   6.5458149e+00
   6.5475548e+00
   6.5492946e+00
   6.5510344e+00
   6.5527743e+00
   6.5549622e+00
   6.5571502e+00
   6.5593382e+00
   6.5615261e+00
   6.5654628e+00
   6.5693995e+00
   6.5733362e+00
   6.5772729e+00
   6.5815075e+00
   6.5857422e+00
   6.5899769e+00
   6.5942116e+00
   6.5989174e+00
   6.6036231e+00
   6.6083289e+00
   6.6130346e+00
   6.6172310e+00
   6.6214273e+00
   6.6256237e+00
   6.6298200e+00
   6.6341804e+00
   6.6385408e+00
   6.6429011e+00
   6.6472615e+00
   6.6507147e+00
   6.6541680e+00
   6.6576212e+00
   6.6610744e+00
   6.6633842e+00
   6.6656940e+00
   6.6680039e+00
   6.6703137e+00
   6.6719000e+00
   6.6734863e+00
   6.6750726e+00
   6.6766589e+00
   6.6782453e+00
   6.6798316e+00
   6.6814179e+00
   6.6830042e+00
   6.6850581e+00
   6.6871120e+00
   6.6891659e+00
   6.6912198e+00
   6.6949359e+00
   6.6986519e+00
   6.7023680e+00
   6.7060841e+00
   6.7101631e+00
   6.7142420e+00
   6.7183210e+00
   6.7224000e+00
   6.7269055e+00
   6.7314110e+00
   6.7359166e+00
   6.7404221e+00
   6.7446490e+00
   6.7488759e+00
   6.7531029e+00
   6.7573298e+00
   6.7614693e+00
   6.7656088e+00
   6.7697483e+00
   6.7738878e+00
   6.7770891e+00
   6.7802903e+00
   6.7834915e+00
   6.7866927e+00
   6.7889342e+00
   6.7911758e+00
   6.7934173e+00
   6.7956588e+00
   6.7979003e+00
   6.8001418e+00
   6.8023833e+00
   6.8046248e+00
   6.8076023e+00
   6.8105797e+00
   6.8135571e+00
   6.8165346e+00
   6.8197503e+00
   6.8229661e+00
   6.8261819e+00
   6.8293977e+00
   6.8333847e+00
   6.8373717e+00
   6.8413587e+00
   6.8453457e+00
   6.8496738e+00
   6.8540019e+00
   6.8583300e+00
   6.8626581e+00
   6.8671648e+00
   6.8716716e+00
   6.8761783e+00
   6.8806851e+00
   6.8851861e+00
   6.8896871e+00
   6.8941882e+00
   6.8986892e+00
   6.8996677e+00
   6.9006462e+00
   6.9016248e+00
   6.9026033e+00
   6.9035818e+00
   6.9045603e+00
   6.9055389e+00
   6.9065174e+00
   6.9080601e+00
   6.9096027e+00
   6.9111454e+00
   6.9126881e+00
   6.9142308e+00
   6.9157734e+00
   6.9173161e+00
   6.9188588e+00
   6.9204299e+00
   6.9220010e+00
   6.9235720e+00
   6.9251431e+00
   6.9283934e+00
   6.9316438e+00
   6.9348941e+00
   6.9381444e+00
   6.9419768e+00
   6.9458092e+00
   6.9496417e+00
   6.9534741e+00
   6.9576229e+00
   6.9617716e+00
   6.9659204e+00
   6.9700691e+00
   6.9744574e+00
   6.9788457e+00
   6.9832340e+00
   6.9876223e+00
   6.9915903e+00
   6.9955583e+00
   6.9995264e+00
   7.0034944e+00
   7.0057862e+00
   7.0080779e+00
   7.0103697e+00
   7.0126615e+00
   7.0149532e+00
   7.0172450e+00
   7.0195368e+00
   7.0218285e+00
   7.0233482e+00
   7.0248679e+00
   7.0263876e+00
   7.0279073e+00
   7.0294270e+00
   7.0309467e+00
   7.0324664e+00
   7.0339861e+00
   7.0367758e+00
   7.0395654e+00
   7.0423551e+00
   7.0451447e+00
   7.0487852e+00
   7.0524257e+00
   7.0560661e+00
   7.0597066e+00
   7.0636612e+00
   7.0676159e+00
   7.0715705e+00
   7.0755251e+00
   7.0801641e+00
   7.0848031e+00
   7.0894421e+00
   7.0940811e+00
   7.0988949e+00
   7.1037087e+00
   7.1085224e+00
   7.1133362e+00
   7.1157669e+00
   7.1181977e+00
   7.1206284e+00
   7.1230591e+00
   7.1254899e+00
   7.1279206e+00
   7.1303513e+00
   7.1327821e+00
   7.1352849e+00
   7.1377877e+00
   7.1402906e+00
   7.1427934e+00
   7.1448063e+00
   7.1468191e+00
   7.1488320e+00
   7.1508448e+00
   7.1539127e+00
   7.1569806e+00
   7.1600485e+00
   7.1631164e+00
   7.1666557e+00
   7.1701949e+00
   7.1737341e+00
   7.1772734e+00
   7.1811191e+00
   7.1849649e+00
   7.1888107e+00
   7.1926565e+00
   7.1968373e+00
   7.2010182e+00
   7.2051990e+00
   7.2093799e+00
   7.2131607e+00
   7.2169414e+00
   7.2207222e+00
   7.2245030e+00
   7.2266668e+00
   7.2288305e+00
   7.2309943e+00
   7.2331581e+00
   7.2353218e+00
   7.2374856e+00
   7.2396493e+00
   7.2418131e+00
   7.2432510e+00
   7.2446888e+00
   7.2461267e+00
   7.2475646e+00
   7.2490025e+00
   7.2504403e+00
   7.2518782e+00
   7.2533161e+00
   7.2562321e+00
   7.2591480e+00
   7.2620640e+00
   7.2649800e+00
   7.2685765e+00
   7.2721731e+00
   7.2757697e+00
   7.2793663e+00
   7.2831527e+00
   7.2869391e+00
   7.2907254e+00
   7.2945118e+00
   7.2986658e+00
   7.3028197e+00
   7.3069737e+00
   7.3111276e+00
   7.3147799e+00
   7.3184321e+00
   7.3220844e+00
   7.3257366e+00
   7.3281401e+00
   7.3305435e+00
   7.3329470e+00
   7.3353504e+00
   7.3372397e+00
   7.3391289e+00
   7.3410182e+00
   7.3429074e+00
   7.3442517e+00
   7.3455960e+00
   7.3469403e+00
   7.3482847e+00
   7.3496290e+00
   7.3509733e+00
   7.3523176e+00
   7.3536619e+00
   7.3556085e+00
   7.3575551e+00
   7.3595017e+00
   7.3614483e+00
   7.3647133e+00
   7.3679784e+00
   7.3712434e+00
   7.3745084e+00
   7.3780049e+00
   7.3815013e+00
   7.3849978e+00
   7.3884942e+00
   7.3924073e+00
   7.3963204e+00
   7.4002335e+00
   7.4041466e+00
   7.4078442e+00
   7.4115418e+00
   7.4152394e+00
   7.4189370e+00
   7.4225463e+00
   7.4261555e+00
   7.4297647e+00
   7.4333740e+00
   7.4353735e+00
   7.4373731e+00
   7.4393726e+00
   7.4413722e+00
   7.4433718e+00
   7.4453713e+00
   7.4473709e+00
   7.4493704e+00
   7.4512270e+00
   7.4530835e+00
   7.4549401e+00
   7.4567967e+00
   7.4583992e+00
   7.4600017e+00
   7.4616042e+00
   7.4632067e+00
   7.4660916e+00
   7.4689765e+00
   7.4718614e+00
   7.4747463e+00
   7.4782047e+00
   7.4816631e+00
   7.4851214e+00
   7.4885798e+00
   7.4922352e+00
   7.4958905e+00
   7.4995458e+00
   7.5032011e+00
   7.5071383e+00
   7.5110755e+00
   7.5150126e+00
   7.5189498e+00
   7.5224379e+00
   7.5259261e+00
   7.5294142e+00
   7.5329023e+00
   7.5351557e+00
   7.5374090e+00
   7.5396624e+00
   7.5419158e+00
   7.5437165e+00
   7.5455172e+00
   7.5473179e+00
   7.5491186e+00
   7.5504089e+00
   7.5516992e+00
   7.5529895e+00
   7.5542799e+00
   7.5555702e+00
   7.5568605e+00
   7.5581509e+00
   7.5594412e+00
   7.5612823e+00
   7.5631235e+00
   7.5649646e+00
   7.5668058e+00
   7.5699270e+00
   7.5730482e+00
   7.5761694e+00
   7.5792906e+00
   7.5826275e+00
   7.5859644e+00
   7.5893013e+00
   7.5926382e+00
   7.5963637e+00
   7.6000893e+00
   7.6038148e+00
   7.6075404e+00
   7.6113159e+00
   7.6150913e+00
   7.6188668e+00
   7.6226423e+00
   7.6263470e+00
   7.6300518e+00
   7.6337565e+00
   7.6374613e+00
   7.6384496e+00
   7.6394379e+00
   7.6404262e+00
   7.6414145e+00
   7.6424028e+00
   7.6433911e+00
   7.6443794e+00
   7.6453677e+00
   7.6466384e+00
   7.6479091e+00
   7.6491797e+00
   7.6504504e+00
   7.6517211e+00
   7.6529918e+00
   7.6542625e+00
   7.6555332e+00
   7.6567157e+00
   7.6578983e+00
   7.6590808e+00
   7.6602633e+00
   7.6629470e+00
   7.6656307e+00
   7.6683144e+00
   7.6709981e+00
   7.6744245e+00
   7.6778509e+00
   7.6812773e+00
   7.6847036e+00
   7.6882488e+00
   7.6917940e+00
   7.6953391e+00
   7.6988843e+00
   7.7029208e+00
   7.7069573e+00
   7.7109939e+00
   7.7150304e+00
   7.7184077e+00
   7.7217850e+00
   7.7251624e+00
   7.7285397e+00
   7.7304816e+00
   7.7324235e+00
   7.7343654e+00
   7.7363072e+00
   7.7382491e+00
   7.7401910e+00
   7.7421329e+00
   7.7440748e+00
   7.7454576e+00
   7.7468404e+00
   7.7482232e+00
   7.7496061e+00
   7.7509889e+00
   7.7523717e+00
   7.7537546e+00
   7.7551374e+00
   7.7578874e+00
   7.7606374e+00
   7.7633875e+00
   7.7661375e+00
   7.7688875e+00
   7.7716376e+00
   7.7743876e+00
   7.7771376e+00
   7.7806595e+00
   7.7841815e+00
   7.7877034e+00
   7.7912253e+00
   7.7945370e+00
   7.7978486e+00
   7.8011603e+00
   7.8044719e+00
   7.8077836e+00
   7.8110952e+00
   7.8144069e+00
   7.8177185e+00
   7.8213150e+00
   7.8249115e+00
   7.8285080e+00
   7.8321045e+00
   7.8330100e+00
   7.8339156e+00
   7.8348212e+00
   7.8357267e+00
   7.8366323e+00
   7.8375378e+00
   7.8384434e+00
   7.8393489e+00
   7.8406526e+00
   7.8419563e+00
   7.8432600e+00
   7.8445637e+00
   7.8464452e+00
   7.8483268e+00
   7.8502083e+00
   7.8520898e+00
   7.8551246e+00
   7.8581593e+00
   7.8611940e+00
   7.8642288e+00
   7.8673516e+00
   7.8704744e+00
   7.8735973e+00
   7.8767201e+00
   7.8804179e+00
   7.8841158e+00
   7.8878136e+00
   7.8915115e+00
   7.8953547e+00
   7.8991979e+00
   7.9030411e+00
   7.9068843e+00
   7.9097568e+00
   7.9126293e+00
   7.9155019e+00
   7.9183744e+00
   7.9194897e+00
   7.9206050e+00
   7.9217203e+00
   7.9228356e+00
   7.9239508e+00
   7.9250661e+00
   7.9261814e+00
   7.9272967e+00
   7.9284452e+00
   7.9295937e+00
   7.9307421e+00
   7.9318906e+00
   7.9331468e+00
   7.9344029e+00
   7.9356591e+00
   7.9369152e+00
   7.9395008e+00
   7.9420864e+00
   7.9446720e+00
   7.9472576e+00
   7.9504100e+00
   7.9535623e+00
   7.9567147e+00
   7.9598670e+00
   7.9632189e+00
   7.9665708e+00
   7.9699227e+00
   7.9732746e+00
   7.9771470e+00
   7.9810194e+00
   7.9848918e+00
   7.9887642e+00
   7.9921398e+00
   7.9955154e+00
   7.9988910e+00
   8.0022667e+00
   8.0036242e+00
   8.0049817e+00
   8.0063391e+00
   8.0076966e+00
   8.0090541e+00
   8.0104116e+00
   8.0117691e+00
   8.0131266e+00
   8.0143179e+00
   8.0155092e+00
   8.0167005e+00
   8.0178918e+00
   8.0190831e+00
   8.0202743e+00
   8.0214656e+00
   8.0226569e+00
   8.0242975e+00
   8.0259381e+00
   8.0275786e+00
   8.0292192e+00
   8.0320657e+00
   8.0349122e+00
   8.0377588e+00
   8.0406053e+00
   8.0436652e+00
   8.0467251e+00
   8.0497849e+00
   8.0528448e+00
   8.0562859e+00
   8.0597269e+00
   8.0631680e+00
   8.0666091e+00
   8.0702332e+00
   8.0738574e+00
   8.0774815e+00
   8.0811057e+00
   8.0846830e+00
   8.0882604e+00
   8.0918377e+00
   8.0954150e+00
   8.0962389e+00
   8.0970628e+00
   8.0978868e+00
   8.0987107e+00
   8.0995346e+00
   8.1003585e+00
   8.1011824e+00
   8.1020063e+00
   8.1032084e+00
   8.1044106e+00
   8.1056127e+00
   8.1068148e+00
   8.1080169e+00
   8.1092190e+00
   8.1104211e+00
   8.1116232e+00
   8.1127619e+00
   8.1139006e+00
   8.1150393e+00
   8.1161780e+00
   8.1186982e+00
   8.1212184e+00
   8.1237385e+00
   8.1262587e+00
   8.1295050e+00
   8.1327512e+00
   8.1359975e+00
   8.1392438e+00
   8.1425690e+00
   8.1458942e+00
   8.1492195e+00
   8.1525447e+00
   8.1562004e+00
   8.1598561e+00
   8.1635118e+00
   8.1671675e+00
   8.1704437e+00
   8.1737200e+00
   8.1769963e+00
   8.1802725e+00
   8.1834725e+00
   8.1866724e+00
   8.1898723e+00
   8.1930723e+00
   8.1945455e+00
   8.1960186e+00
   8.1974918e+00
   8.1989649e+00
   8.2000400e+00
   8.2011150e+00
   8.2021900e+00
   8.2032650e+00
   8.2043400e+00
   8.2054150e+00
   8.2064900e+00
   8.2075651e+00
   8.2104733e+00
   8.2133815e+00
   8.2162897e+00
   8.2191979e+00
   8.2220359e+00
   8.2248740e+00
   8.2277121e+00
   8.2305501e+00
   8.2339920e+00
   8.2374338e+00
   8.2408757e+00
   8.2443176e+00
   8.2480133e+00
   8.2517090e+00
   8.2554047e+00
   8.2591005e+00
   8.2626414e+00
   8.2661823e+00
   8.2697232e+00
   8.2732641e+00
   8.2755151e+00
   8.2777661e+00
   8.2800171e+00
   8.2822681e+00
   8.2845191e+00
   8.2867702e+00
   8.2890212e+00
   8.2912722e+00
   8.2924732e+00
   8.2936742e+00
   8.2948752e+00
   8.2960762e+00
   8.2972773e+00
   8.2984783e+00
   8.2996793e+00
   8.3008803e+00
   8.3029730e+00
   8.3050657e+00
   8.3071584e+00
   8.3092511e+00
   8.3121928e+00
   8.3151346e+00
   8.3180763e+00
   8.3210181e+00
   8.3241704e+00
   8.3273227e+00
   8.3304750e+00
   8.3336273e+00
   8.3372323e+00
   8.3408373e+00
   8.3444423e+00
   8.3480472e+00
   8.3514684e+00
   8.3548896e+00
   8.3583108e+00
   8.3617319e+00
   8.3651052e+00
   8.3684785e+00
   8.3718517e+00
   8.3752250e+00
   8.3761920e+00
   8.3771590e+00
   8.3781259e+00
   8.3790929e+00
   8.3800599e+00
   8.3810269e+00
   8.3819938e+00
   8.3829608e+00
   8.3841773e+00
   8.3853938e+00
   8.3866103e+00
   8.3878268e+00
   8.3890432e+00
   8.3902597e+00
   8.3914762e+00
   8.3926927e+00
   8.3938667e+00
   8.3950408e+00
   8.3962148e+00
   8.3973888e+00
   8.3999090e+00
   8.4024292e+00
   8.4049493e+00
   8.4074695e+00
   8.4105739e+00
   8.4136782e+00
   8.4167826e+00
   8.4198870e+00
   8.4231713e+00
   8.4264557e+00
   8.4297401e+00
   8.4330245e+00
   8.4363867e+00
   8.4397489e+00
   8.4431111e+00
   8.4464733e+00
   8.4504272e+00
   8.4543810e+00
   8.4583348e+00
   8.4622887e+00
   8.4643431e+00
   8.4663975e+00
   8.4684519e+00
   8.4705063e+00
   8.4725607e+00
   8.4746151e+00
   8.4766695e+00
   8.4787239e+00
   8.4797775e+00
   8.4808310e+00
   8.4818846e+00
   8.4829382e+00
   8.4839917e+00
   8.4850453e+00
   8.4860988e+00
   8.4871524e+00
   8.4883844e+00
   8.4896163e+00
   8.4908483e+00
   8.4920803e+00
   8.4945869e+00
   8.4970935e+00
   8.4996000e+00
   8.5021066e+00
   8.5051808e+00
   8.5082549e+00
   8.5113290e+00
   8.5144032e+00
   8.5176658e+00
   8.5209285e+00
   8.5241911e+00
   8.5274538e+00
   8.5307566e+00
   8.5340595e+00
   8.5373623e+00
   8.5406652e+00
   8.5446859e+00
   8.5487066e+00
   8.5527273e+00
   8.5567480e+00
   8.5595119e+00
   8.5622758e+00
   8.5650397e+00
   8.5678036e+00
   8.5691549e+00
   8.5705061e+00
   8.5718574e+00
   8.5732087e+00
   8.5745599e+00
   8.5759112e+00
   8.5772625e+00
   8.5786137e+00
   8.5797148e+00
   8.5808159e+00
   8.5819170e+00
   8.5830181e+00
   8.5844599e+00
   8.5859016e+00
   8.5873434e+00
   8.5887852e+00
   8.5914300e+00
   8.5940747e+00
   8.5967195e+00
   8.5993643e+00
   8.6023539e+00
   8.6053435e+00
   8.6083331e+00
   8.6113227e+00
   8.6145886e+00
   8.6178544e+00
   8.6211202e+00
   8.6243861e+00
   8.6274179e+00
   8.6304497e+00
   8.6334815e+00
   8.6365133e+00
   8.6405132e+00
   8.6445131e+00
   8.6485130e+00
   8.6525129e+00
   8.6552864e+00
   8.6580599e+00
   8.6608334e+00
   8.6636068e+00
   8.6648583e+00
   8.6661098e+00
   8.6673613e+00
   8.6686128e+00
   8.6698642e+00
   8.6711157e+00
   8.6723672e+00
   8.6736187e+00
   8.6747498e+00
   8.6758809e+00
   8.6770120e+00
   8.6781432e+00
   8.6793924e+00
   8.6806417e+00
   8.6818910e+00
   8.6831403e+00
   8.6856580e+00
   8.6881756e+00
   8.6906933e+00
   8.6932110e+00
   8.6962049e+00
   8.6991989e+00
   8.7021928e+00
   8.7051868e+00
   8.7084149e+00
   8.7116430e+00
   8.7148711e+00
   8.7180992e+00
   8.7212415e+00
   8.7243838e+00
   8.7275261e+00
   8.7306683e+00
   8.7342978e+00
   8.7379273e+00
   8.7415568e+00
   8.7451863e+00
   8.7485170e+00
   8.7518476e+00
   8.7551783e+00
   8.7585089e+00
   8.7592966e+00
   8.7600843e+00
   8.7608719e+00
   8.7616596e+00
   8.7624473e+00
   8.7632350e+00
   8.7640226e+00
   8.7648103e+00
   8.7659551e+00
   8.7670999e+00
   8.7682447e+00
   8.7693895e+00
   8.7705342e+00
   8.7716790e+00
   8.7728238e+00
   8.7739686e+00
   8.7750479e+00
   8.7761273e+00
   8.7772066e+00
   8.7782860e+00
   8.7806855e+00
   8.7830850e+00
   8.7854846e+00
   8.7878841e+00
   8.7909672e+00
   8.7940504e+00
   8.7971335e+00
   8.8002167e+00
   8.8034115e+00
   8.8066063e+00
   8.8098011e+00
   8.8129959e+00
   8.8162498e+00
   8.8195037e+00
   8.8227575e+00
   8.8260114e+00
   8.8289051e+00
   8.8317987e+00
   8.8346924e+00
   8.8375860e+00
   8.8405306e+00
   8.8434752e+00
   8.8464197e+00
   8.8493643e+00
   8.8522533e+00
   8.8551422e+00
   8.8580312e+00
   8.8609201e+00
   8.8627161e+00
   8.8645121e+00
   8.8663081e+00
   8.8681041e+00
   8.8691346e+00
   8.8701650e+00
   8.8711955e+00
   8.8722259e+00
   8.8732564e+00
   8.8742869e+00
   8.8753173e+00
   8.8763478e+00
   8.8787090e+00
   8.8810703e+00
   8.8834315e+00
   8.8857928e+00
   8.8887385e+00
   8.8916842e+00
   8.8946298e+00
   8.8975755e+00
   8.9007520e+00
   8.9039286e+00
   8.9071051e+00
   8.9102816e+00
   8.9135622e+00
   8.9168428e+00
   8.9201234e+00
   8.9234039e+00
   8.9261804e+00
   8.9289568e+00
   8.9317332e+00
   8.9345096e+00
   8.9374218e+00
   8.9403339e+00
   8.9432461e+00
   8.9461582e+00
   8.9489243e+00
   8.9516904e+00
   8.9544565e+00
   8.9572226e+00
   8.9582091e+00
   8.9591956e+00
   8.9601821e+00
   8.9611686e+00
   8.9621551e+00
   8.9631416e+00
   8.9641281e+00
   8.9651146e+00
   8.9661441e+00
   8.9671736e+00
   8.9682030e+00
   8.9692325e+00
   8.9702619e+00
   8.9712914e+00
   8.9723209e+00
   8.9733503e+00
   8.9757523e+00
   8.9781543e+00
   8.9805562e+00
   8.9829582e+00
   8.9858282e+00
   8.9886982e+00
   8.9915681e+00
   8.9944381e+00
   8.9976482e+00
   9.0008583e+00
   9.0040683e+00
   9.0072784e+00
   9.0098016e+00
   9.0123247e+00
   9.0148479e+00
   9.0173710e+00
   9.0198942e+00
   9.0224173e+00
   9.0249405e+00
   9.0274636e+00
   9.0305025e+00
   9.0335415e+00
   9.0365804e+00
   9.0396194e+00
   9.0426583e+00
   9.0456972e+00
   9.0487362e+00
   9.0517751e+00
   9.0538966e+00
   9.0560180e+00
   9.0581395e+00
   9.0602610e+00
   9.0618523e+00
   9.0634436e+00
   9.0650349e+00
   9.0666262e+00
   9.0677030e+00
   9.0687798e+00
   9.0698566e+00
   9.0709335e+00
   9.0720103e+00
   9.0730871e+00
   9.0741639e+00
   9.0752407e+00
   9.0768429e+00
   9.0784452e+00
   9.0800474e+00
   9.0816496e+00
   9.0842966e+00
   9.0869436e+00
   9.0895906e+00
   9.0922376e+00
   9.0951292e+00
   9.0980208e+00
   9.1009124e+00
   9.1038040e+00
   9.1070265e+00
   9.1102490e+00
   9.1134715e+00
   9.1166940e+00
   9.1193917e+00
   9.1220893e+00
   9.1247869e+00
   9.1274846e+00
   9.1300479e+00
   9.1326113e+00
   9.1351747e+00
   9.1377380e+00
   9.1413394e+00
   9.1449407e+00
   9.1485420e+00
   9.1521433e+00
   9.1552124e+00
   9.1582816e+00
   9.1613507e+00
   9.1644199e+00
   9.1657826e+00
   9.1671452e+00
   9.1685079e+00
   9.1698706e+00
   9.1712333e+00
   9.1725960e+00
   9.1739587e+00
   9.1753214e+00
   9.1763153e+00
   9.1773093e+00
   9.1783032e+00
   9.1792971e+00
   9.1802911e+00
   9.1812850e+00
   9.1822790e+00
   9.1832729e+00
   9.1856297e+00
   9.1879865e+00
   9.1903433e+00
   9.1927001e+00
   9.1950569e+00
   9.1974137e+00
   9.1997705e+00
   9.2021273e+00
   9.2052701e+00
   9.2084129e+00
   9.2115557e+00
   9.2146985e+00
   9.2171695e+00
   9.2196405e+00
   9.2221115e+00
   9.2245825e+00
   9.2270534e+00
   9.2295244e+00
   9.2319954e+00
   9.2344664e+00
   9.2375672e+00
   9.2406679e+00
   9.2437687e+00
   9.2468695e+00
   9.2497086e+00
   9.2525478e+00
   9.2553869e+00
   9.2582260e+00
   9.2609740e+00
   9.2637220e+00
   9.2664700e+00
   9.2692179e+00
   9.2708063e+00
   9.2723946e+00
   9.2739830e+00
   9.2755714e+00
   9.2765172e+00
   9.2774630e+00
   9.2784088e+00
   9.2793546e+00
   9.2803004e+00
   9.2812462e+00
   9.2821920e+00
   9.2831378e+00
   9.2855696e+00
   9.2880014e+00
   9.2904333e+00
   9.2928651e+00
   9.2954672e+00
   9.2980693e+00
   9.3006714e+00
   9.3032736e+00
   9.3063559e+00
   9.3094383e+00
   9.3125207e+00
   9.3156030e+00
   9.3187440e+00
   9.3218849e+00
   9.3250259e+00
   9.3281668e+00
   9.3307602e+00
   9.3333536e+00
   9.3359470e+00
   9.3385404e+00
   9.3412684e+00
   9.3439965e+00
   9.3467246e+00
   9.3494526e+00
   9.3519182e+00
   9.3543838e+00
   9.3568494e+00
   9.3593150e+00
   9.3604950e+00
   9.3616750e+00
   9.3628551e+00
   9.3640351e+00
   9.3652151e+00
   9.3663952e+00
   9.3675752e+00
   9.3687552e+00
   9.3697487e+00
   9.3707421e+00
   9.3717356e+00
   9.3727290e+00
   9.3740072e+00
   9.3752854e+00
   9.3765636e+00
   9.3778418e+00
   9.3802174e+00
   9.3825931e+00
   9.3849687e+00
   9.3873444e+00
   9.3900570e+00
   9.3927695e+00
   9.3954821e+00
   9.3981947e+00
   9.4011590e+00
   9.4041234e+00
   9.4070877e+00
   9.4100520e+00
   9.4127895e+00
   9.4155270e+00
   9.4182645e+00
   9.4210020e+00
   9.4242477e+00
   9.4274935e+00
   9.4307392e+00
   9.4339850e+00
   9.4368888e+00
   9.4397925e+00
   9.4426963e+00
   9.4456001e+00
   9.4475245e+00
   9.4494489e+00
   9.4513732e+00
   9.4532976e+00
   9.4542223e+00
   9.4551471e+00
   9.4560718e+00
   9.4569965e+00
   9.4579212e+00
   9.4588459e+00
   9.4597707e+00
   9.4606954e+00
   9.4616734e+00
   9.4626514e+00
   9.4636294e+00
   9.4646074e+00
   9.4668047e+00
   9.4690020e+00
   9.4711992e+00
   9.4733965e+00
   9.4761254e+00
   9.4788543e+00
   9.4815832e+00
   9.4843121e+00
   9.4872380e+00
   9.4901639e+00
   9.4930899e+00
   9.4960158e+00
   9.4990282e+00
   9.5020405e+00
   9.5050529e+00
   9.5080653e+00
   9.5107641e+00
   9.5134630e+00
   9.5161619e+00
   9.5188607e+00
   9.5215281e+00
   9.5241955e+00
   9.5268629e+00
   9.5295302e+00
   9.5312795e+00
   9.5330287e+00
   9.5347780e+00
   9.5365272e+00
   9.5382765e+00
   9.5400258e+00
   9.5417750e+00
   9.5435243e+00
   9.5449725e+00
   9.5464207e+00
   9.5478689e+00
   9.5493171e+00
   9.5505313e+00
   9.5517455e+00
   9.5529597e+00
   9.5541739e+00
   9.5563945e+00
   9.5586151e+00
   9.5608357e+00
   9.5630562e+00
   9.5657157e+00
   9.5683752e+00
   9.5710347e+00
   9.5736942e+00
   9.5765590e+00
   9.5794237e+00
   9.5822884e+00
   9.5851531e+00
   9.5879528e+00
   9.5907526e+00
   9.5935523e+00
   9.5963520e+00
   9.5995970e+00
   9.6028420e+00
   9.6060869e+00
   9.6093319e+00
   9.6123171e+00
   9.6153023e+00
   9.6182875e+00
   9.6212727e+00
   9.6219530e+00
   9.6226334e+00
   9.6233138e+00
   9.6239942e+00
   9.6246746e+00
   9.6253549e+00
   9.6260353e+00
   9.6267157e+00
   9.6277574e+00
   9.6287990e+00
   9.6298407e+00
   9.6308823e+00
   9.6319240e+00
   9.6329656e+00
   9.6340073e+00
   9.6350490e+00
   9.6360673e+00
   9.6370856e+00
   9.6381039e+00
   9.6391222e+00
   9.6412940e+00
   9.6434658e+00
   9.6456376e+00
   9.6478094e+00
   9.6504734e+00
   9.6531374e+00
   9.6558015e+00
   9.6584655e+00
   9.6613106e+00
   9.6641558e+00
   9.6670010e+00
   9.6698462e+00
   9.6726766e+00
   9.6755071e+00
   9.6783376e+00
   9.6811680e+00
   9.6840116e+00
   9.6868552e+00
   9.6896988e+00
   9.6925424e+00
   9.6952291e+00
   9.6979158e+00
   9.7006025e+00
   9.7032892e+00
   9.7051071e+00
   9.7069250e+00
   9.7087428e+00
   9.7105607e+00
   9.7117871e+00
   9.7130135e+00
   9.7142399e+00
   9.7154664e+00
   9.7164032e+00
   9.7173400e+00
   9.7182769e+00
   9.7192137e+00
   9.7201505e+00
   9.7210874e+00
   9.7220242e+00
   9.7229611e+00
   9.7250010e+00
   9.7270409e+00
   9.7290809e+00
   9.7311208e+00
   9.7331607e+00
   9.7352007e+00
   9.7372406e+00
   9.7392805e+00
   9.7421345e+00
   9.7449884e+00
   9.7478424e+00
   9.7506963e+00
   9.7530688e+00
   9.7554412e+00
   9.7578137e+00
   9.7601861e+00
   9.7625585e+00
   9.7649310e+00
   9.7673034e+00
   9.7696759e+00
   9.7734051e+00
   9.7771343e+00
   9.7808635e+00
   9.7845927e+00
   9.7880071e+00
   9.7914214e+00
   9.7948358e+00
   9.7982501e+00
   9.7991323e+00
   9.8000146e+00
   9.8008968e+00
   9.8017790e+00
   9.8026612e+00
   9.8035434e+00
   9.8044257e+00
   9.8053079e+00
   9.8064236e+00
   9.8075393e+00
   9.8086551e+00
   9.8097708e+00
   9.8117268e+00
   9.8136828e+00
   9.8156387e+00
   9.8175947e+00
   9.8201246e+00
   9.8226544e+00
   9.8251843e+00
   9.8277142e+00
   9.8305270e+00
   9.8333398e+00
   9.8361526e+00
   9.8389654e+00
   9.8412923e+00
   9.8436192e+00
   9.8459461e+00
   9.8482730e+00
   9.8505999e+00
   9.8529267e+00
   9.8552536e+00
   9.8575805e+00
   9.8614136e+00
   9.8652467e+00
   9.8690798e+00
   9.8729129e+00
   9.8762367e+00
   9.8795604e+00
   9.8828842e+00
   9.8862080e+00
   9.8872480e+00
   9.8882881e+00
   9.8893281e+00
   9.8903681e+00
   9.8914081e+00
   9.8924481e+00
   9.8934881e+00
   9.8945282e+00
   9.8954985e+00
   9.8964687e+00
   9.8974390e+00
   9.8984093e+00
   9.9007965e+00
   9.9031837e+00
   9.9055710e+00
   9.9079582e+00
   9.9103790e+00
   9.9127997e+00
   9.9152205e+00
   9.9176413e+00
   9.9205309e+00
   9.9234205e+00
   9.9263101e+00
   9.9291997e+00
   9.9314526e+00
   9.9337055e+00
   9.9359585e+00
   9.9382114e+00
   9.9404643e+00
   9.9427172e+00
   9.9449702e+00
   9.9472231e+00
   9.9502284e+00
   9.9532338e+00
   9.9562392e+00
   9.9592446e+00
   9.9622499e+00
   9.9652553e+00
   9.9682607e+00
   9.9712660e+00
   9.9726644e+00
   9.9740627e+00
   9.9754611e+00
   9.9768594e+00
   9.9782578e+00
   9.9796561e+00
   9.9810545e+00
   9.9824528e+00
   9.9833163e+00
   9.9841799e+00
   9.9850434e+00
   9.9859069e+00
   9.9867704e+00
   9.9876340e+00
   9.9884975e+00
   9.9893610e+00
   9.9920208e+00
   9.9946805e+00
   9.9973403e+00
   1.0000000e+01
